0,15.333,29.786,15.805,51.293,22.45,24.412,49.952,21.582,42.829,24.017,22.564,26.782,31.485,24.178,41.463,29.825,26.547,37.684,5.0722,24.774,33.819,34.998,17.51,44.334,28.248,31.935,32.64,21.25,40.092,6.7842,24.556,27.674,14.596,31.61,21.1,12.826,35.534,18.893,30.392,20.1,19.393,30.656,41.518,49.913,22.376,32.181,28.286,31.365,32.678,21.957,32.947,43.348,13.963,46.726,26.51,44.991,10.521,32.073,28.214,11.492,24.916,17.282,31.886,18.897,47.035,36.218,37.195,36.444,8.0865,33.225,19.346,8.1618,15.881,40.717,24.177,22.588,38.191,22.549,26.092,31.06,21.201,24.61,18.815,30.312,19.894,37.547,24.701,21.389,21.236,15.429,6.1997,34.852,29.132,28.324,5.026,13.005,38.911,32.824,41.699,19.008,38.569,15.094,31.353,14.441,29.859,16.524,30.259,17.99,21.117,28.657,23.363,24.209,34.742,10.315,31.949,37.456,17.858,22.336,44.958,25.152,2.4833,23.338,27.99,40.281,18.46,41.024,21.212,42.706,7.9118,30.749,18.939,28.656,26.114,7.0644,17.974,18.142,28.866,41.439,9.3738,9.207,6.0695,27.946,48.295,36.034,45.165,45,19.572,39.447,50.53,30.487,39.307
15.333,0,19.934,2.1135,42.839,37.782,11.85,58.567,34.574,53.869,26.279,7.2316,32.177,42.736,27.596,40.984,40.81,34.879,33.709,14.575,39.533,38.735,39.285,23.834,57.676,33.377,25.384,46.938,15.447,34.762,11.29,19.749,39.568,25.935,46.857,32.677,27.685,42.341,11.341,34.124,9.2432,9.3299,38.856,51.678,58.36,25.919,36.285,21.315,40.097,46.229,28.903,26.591,40.748,27.526,51.988,16.455,36.186,25.803,47.032,42.297,15.584,39.711,32.22,39.551,29.529,51.123,38.757,48.494,49.111,10.196,46.583,8.2595,23.284,28.879,36.115,23.448,37.565,51.226,37.848,24.874,27.86,25.066,39.766,13.636,24.209,34.838,34.668,39.109,14.407,7.2846,24.242,20.425,25.632,44.27,35.28,10.963,4.4022,46.256,48.123,50.337,10.278,32.858,28.473,17.429,28.433,44.292,29.473,30.782,17.202,28.14,36.586,38.577,38.916,45.352,5.6676,39.534,50.694,13.374,37.2,39.283,32.409,15.525,36.532,26.342,40.813,20.543,43.799,15.977,55.59,15.393,26.699,25.83,31.574,35.201,11.481,32.952,6.2795,21.599,31.812,23.251,22.721,13.779,18.611,57.521,45.068,36.42,36.132,29.676,33.149,42.773,27.616,43.426
29.786,19.934,0,17.907,22.907,49.607,27.565,53.394,39.944,52.955,46.211,18.257,51.943,43.697,22.552,26.755,41.7,33.372,16.938,25.76,47.908,31.641,31.241,43.223,74.088,53.191,43.249,62.09,9.4211,52.553,23.034,9.1711,57.204,43.635,59.296,50.421,42.247,36.945,30.669,26.799,10.837,11.096,36.126,49.607,52.964,45.79,28.784,39.409,59.247,62.429,48.321,44.447,24.289,43.739,43,3.5181,16.259,39.236,60.713,57.835,20.926,54.022,46.43,58.998,32.801,40.772,28.609,66.586,51.617,28.781,63,11.823,35.247,35.633,18.332,43.266,46.888,67.976,48.862,15.227,46.979,22.009,52.973,11.481,42.43,44.366,53.572,54.187,33.448,13.471,42.946,35.976,5.7001,53.665,54.827,27.787,18.422,40.873,60.058,46.158,10.962,50.563,44.857,10.449,36.898,59.244,46.226,20.481,15.244,47.519,34.057,48.87,47.204,44.871,24.383,58.999,67.234,12.499,46.174,20.358,51.836,31.353,41.869,45.926,27.779,18.625,32.921,9.8711,72.49,33.672,45.598,26.042,51.508,34.629,22.801,47.032,13.747,5.039,12.019,39.147,38.916,31.542,1.9263,53.357,42.27,16.489,16.21,48.092,14.267,22.881,14.121,34.293
15.805,2.1135,17.907,0,40.814,38.186,13.394,57.225,34.074,52.881,28.311,7.236,34.105,41.848,25.969,38.981,39.895,33.662,31.609,14.352,39.47,37.116,37.606,25.619,58.902,35.326,27.385,47.921,13.385,36.778,10.943,17.681,40.974,27.294,47.416,34.081,28.434,40.88,13.437,32.441,7.1565,7.2177,37.58,50.569,56.998,27.895,34.615,23.325,41.841,47.388,30.706,28.595,38.667,28.584,50.324,14.412,34.165,26.326,47.78,43.325,14.491,40.52,32.954,41.376,28.701,49.365,36.944,50.013,48.437,11.618,47.782,6.1681,23.509,28.456,34.004,25.547,37.609,52.497,38.133,22.932,29.963,23.53,40.398,11.648,26.241,34.879,36.764,40.042,16.487,5.7586,25.833,21.26,23.598,44.383,37.132,11.857,3.3872,44.826,48.615,49.034,8.1762,34.864,29.574,16.065,28.23,45.231,30.654,28.889,15.456,29.931,35.3,38.765,38.835,44.345,7.0049,41.364,51.926,11.45,37.192,37.172,34.22,16.313,36.054,28.455,38.861,18.954,41.974,13.934,56.897,16.803,28.789,24.599,33.611,34.075,11.061,33.671,4.1922,19.488,29.831,24.2,23.725,15.018,16.544,56.259,43.846,34.396,34.115,31.218,31.04,40.714,25.567,41.706
51.293,42.839,22.907,40.814,0,68.28,49.425,56.722,55.403,61.019,69.118,40.388,74.798,55.011,34.936,24.725,53.316,44.809,17.446,46.659,64.456,37.933,36.538,65.958,94.816,76.064,65.167,82.266,30.077,74.227,44.561,26.877,78.965,65.685,77.803,72.354,62.912,43.473,53.39,34.817,33.714,33.882,45.666,56.993,56.094,68.685,35.727,61.525,81.793,83.251,71.042,66.33,18.923,65.121,43.462,26.406,6.6572,59.55,79.985,78.377,40.71,73.967,66.681,81.694,48.159,39.841,32.259,88.485,63.105,51.455,83.942,34.705,55.219,52.718,14.694,66.097,64.179,89.031,67.079,27.985,69.444,36.338,72.297,32.529,64.532,62.038,75.86,74.58,56.043,36.162,65.422,57.437,17.218,70.418,77.583,50.109,41.135,46.39,78.18,51.89,33.491,72.229,66.28,29.295,54.818,79.384,67.78,28.519,33.953,70.228,44.362,66.621,63.764,54.652,47.177,81.705,88.169,33.457,63.304,10.363,74.548,53.189,57.007,68.632,27.376,35.466,33.702,30.081,93.568,56.16,67.968,41.169,74.414,46.545,44.249,67.181,36.646,22.462,11.262,60.584,60.488,53.944,24.343,57.866,50.274,6.42,6.7221,70.38,12.758,2.5318,23.376,37.062
22.45,37.782,49.607,38.186,68.28,0,45.898,44.668,15.887,33.689,35.319,45.012,32.975,25.066,34.421,51.418,24.755,28.551,51.956,24.552,8.7316,38.539,40.285,27.639,28.451,34.21,49.053,15.528,40.233,54.989,27.876,42.097,20.822,19.556,9.6922,19.339,11.366,36.75,39.168,37.86,41.506,40.641,31.093,34.661,44.957,32.984,38.565,46.312,30.084,18.497,28.338,49.755,55.374,14.667,47.878,46.803,62.721,12.062,11.844,13.567,28.688,8.0779,7.858,32.39,21.426,49.947,43.565,28.301,24.509,29.237,19.552,40.918,14.82,15.929,55.14,38.381,6.4949,24.279,2.1703,40.386,45.564,32.337,4.8104,38.138,47.361,7.0165,50.461,10.364,40.803,43.405,23.821,18.172,53.76,8.5232,31.463,27.083,35.187,38.255,10.547,37.952,39.857,54.019,14.765,53.2,13.498,12.925,15.615,41.603,34.925,27.893,30.408,4.0087,8.8943,28.708,32.593,32.574,23.077,37.123,7.4005,59.893,29.289,22.568,15.593,41.842,49.254,32.837,46.963,39.882,28.382,25.533,46.065,27.638,37.399,26.935,27.937,7.218,40.054,47.204,60.09,16.443,17.267,25.661,47.681,42.078,32.996,62.833,62.782,22.239,55.575,66.929,45.106,43.733
24.412,11.85,27.565,13.394,49.425,45.898,0,70.401,45.368,65.4,23.413,9.3173,30.546,54.16,39.361,51.718,52.278,46.664,43.455,25.326,49.172,50.508,50.997,24.732,61.212,31.351,15.763,52.168,26.08,24.995,22.416,30.211,42.448,30.014,54.132,35.943,34.817,54.189,7.6526,45.832,18.793,19.361,50.669,63.354,70.2,24.143,48.007,12.126,40.129,50.476,29.057,16.943,50.757,33.207,63.716,24.584,42.894,33.936,53.453,47.421,27.351,46.05,39.185,38.76,40.936,62.711,50.238,50.192,60.145,16.726,50.579,18.021,32.533,39.592,45.45,18.97,46.919,54.627,46.398,36.011,20.353,36.888,46.907,24.726,15.117,44.256,26.495,44.85,8.3506,14.532,26.835,27.728,32.964,53.28,34.416,19.389,16.251,58.106,55.654,62.158,20.729,23.002,33.866,20.461,38.659,49.835,34.346,42.065,28.837,28.506,48.405,47.443,48.615,56.925,14.403,38.679,54.358,24.678,46.715,47.903,32.192,23.558,47.257,20.354,51.83,32.334,55.248,26.733,58.64,20.615,18.743,37.636,28.13,46.92,22.693,39.952,16.362,30.726,38.174,29.801,29.061,20.238,26.867,69.317,56.846,43.158,42.793,32.139,41.77,49.887,38.128,55.081
49.952,58.567,53.394,57.225,56.722,44.668,70.401,0,30.828,12.105,73.197,63.588,73.87,20.033,32.003,32.017,21.033,23.862,41.174,46.525,35.978,21.754,22.252,65.703,70.662,75.313,81.503,58.905,47.354,89.994,48.615,44.846,65.243,59.129,49.253,62.172,50.243,16.699,67.451,26.637,54.206,53.265,19.772,10.021,0.72219,71.211,24.611,77.632,73.821,62.696,68.72,82.584,37.799,54.786,13.618,53.334,55.074,47.409,53.556,58.073,43.088,52.678,50.146,75.709,31.069,17.551,25.64,72.938,21.282,57.371,63.8,54.501,44.751,35.218,42.874,74.045,38.229,68.043,42.498,38.279,81.011,33.932,49.184,47.468,79.95,38.742,87.432,55.032,70.386,58.694,62.396,51.776,53.033,39.159,73.71,53.99,54.167,12.67,48.098,8.3096,51.725,88.412,55.593,63.068,37.859,56.845,57.129,33.006,42.478,68.009,22.013,40.706,35.774,16.297,57.036,75.862,66.765,47.077,37.409,46.46,70.906,52.177,30.068,77.875,29.448,38.551,23.064,46.582,71.573,57.697,80.683,32.788,77.107,23.938,48.262,49.946,55.411,48.405,55.989,52.947,53.624,56.021,52.185,2.9501,13.922,54.976,55.252,63.653,46.976,54.296,39.707,20.082
21.582,34.574,39.944,34.074,55.403,15.887,45.368,30.828,0,21.778,43.008,41.299,43.128,10.883,20.494,36.226,9.8251,12.779,38.285,20.103,9.2658,22.763,24.536,35.304,44.27,44.557,53.329,31.402,30.756,61.036,23.285,31.207,35.077,28.37,23.893,31.435,19.416,20.902,40.44,22.62,34.623,33.619,15.22,21.293,30.975,40.899,23.043,49.793,43.167,34.289,37.995,54.29,40.661,23.959,32.193,37.889,50.526,16.672,27.221,29.241,20.496,23.76,19.65,44.95,7.3406,34.104,28.043,43.539,14.871,29.653,35.313,34.377,14.646,5.7803,41.385,44.498,9.858,40.137,13.93,27.643,51.711,19.198,20.693,29.287,51.674,8.9375,57.755,25.694,42.97,37.939,31.825,21.671,42.938,15.15,42.883,26.428,30.689,22.681,23.739,23.244,32.388,59.651,24.77,46.178,7.4699,28.809,26.32,27.353,24.74,37.309,14.55,12.679,8.6187,14.57,30.971,45.098,38.948,28.39,8.8699,46.188,40.091,23.311,2.0067,48.311,33.893,21.419,31.17,30.183,44.268,28.495,51.664,14.433,46.577,11.096,23.098,19.567,34.266,36.397,48.707,22.369,23.102,27.298,38.09,28.622,17.83,50.59,50.621,32.827,42.684,53.748,32.067,27.866
42.829,53.869,52.955,52.881,61.019,33.689,65.4,12.105,21.778,0,64.772,59.794,64.575,11.359,30.41,36.839,13.145,19.874,44.071,40.328,24.969,23.184,24.489,57.036,58.76,65.972,74.762,47.281,45.351,82.705,43.004,43.851,54.491,49.864,37.439,52.087,40.688,17.558,61.343,27.098,51.316,50.311,16.832,4.1385,12.623,62.644,25.666,71.096,63.484,51.236,59.493,75.765,42.629,45.221,21.909,52.1,58.12,38.294,41.804,46.799,38.392,41.526,39.894,65.571,24.488,25.628,28.765,61.708,9.4295,50.739,52.35,51.394,36.402,27.089,46.425,66.247,27.449,56.41,31.539,37.895,73.432,31.369,37.977,44.837,73.134,28.436,79.528,43.989,64.066,55.456,53.493,43.445,53.887,27.465,63.967,47.395,49.586,14.865,36.194,9.8977,48.835,81.272,45.895,61.594,29.234,45.366,47.313,33.963,39.689,58.844,18.916,29.681,24.884,8.5437,51.291,65.738,55.124,44.219,26.738,50.683,61.34,44.782,20.495,70.066,34.062,35.643,28.26,44.612,59.798,50.119,73.328,28.605,68.225,19.025,42.714,39.59,51.9,48.275,58.047,44.075,44.829,48.759,51.435,9.1788,10.959,58.079,58.275,54.026,49.726,58.781,40.639,24.455
24.017,26.279,46.211,28.311,69.118,35.319,23.413,73.197,43.008,64.772,0,30.041,7.2902,53.774,47.836,64.368,52.396,50.357,58.807,28.608,42.138,57.819,58.96,7.8499,40.689,7.9501,16.006,34.744,40.543,19.83,28.282,44.713,22.574,15.798,40.386,17.929,24.84,59.466,16.642,54.238,35.446,35.38,54.407,64.148,73.229,2.3433,56.101,15.223,17.373,31.655,8.0805,16.242,65.339,20.746,70.734,42.723,62.465,26.592,38.042,30.393,34.442,31.518,27.464,15.58,42.309,71.032,59.929,28.275,56.986,18.917,31.376,34.454,28.51,38.037,61.514,4.9812,39.416,34.303,36.809,48.256,10.688,44.86,33.903,38.268,14.564,37.439,15.177,29.353,15.064,33.178,11.626,21.446,51.907,43.836,11.378,21.607,28.429,62.719,42.289,65.087,36.019,19.1,20.555,42.228,35.599,33.227,19.817,53.281,39.775,8.1008,52.504,38.495,41.859,57.33,22.395,15.473,34.389,37.62,39.723,65.092,9.9406,21.57,44.306,6.9927,63.522,41.468,64.834,40.868,37.681,16.15,11.692,42.948,5.3028,49.745,28.703,28.106,32.493,47.515,58.069,20.754,19.972,18.286,44.845,71.284,59.396,62.698,62.411,13.919,59.049,69.016,52.025,63.279
22.564,7.2316,18.257,7.236,40.388,45.012,9.3173,63.588,41.299,59.794,30.041,0,36.647,48.872,31.831,42.81,46.9,40.327,34.243,21.555,46.641,42.881,43.173,29.169,64.236,37.688,25.004,53.851,17.451,34.296,18.166,21.374,45.843,32.403,54.056,39.001,34.822,47.043,13.481,38.046,10.01,10.762,44.133,57.337,63.322,30.184,40.237,21.214,45.378,52.922,34.068,26.198,41.58,34.414,55.86,15.276,33.799,33.023,54.144,49.17,21.46,46.791,39.356,44.491,35.797,54.55,41.983,54.457,55.597,16.861,53.216,9.4178,30.497,35.691,36.168,26.304,44.727,57.724,45.076,27.526,29.063,29.668,46.943,16.512,24.235,41.997,35.493,46.087,15.808,5.4429,30.209,27.534,23.708,51.461,40.135,18.102,10.613,51.044,55.34,55.496,12.263,32.306,35.308,12.191,35.443,51.256,36.197,33.643,21.197,33.374,41.848,45.788,46.013,51.25,12.642,44.446,57.26,16.695,44.337,38.586,37.489,22.681,43.282,28.45,43.099,25.044,46.915,18.163,62.009,21.926,27.581,31.301,35.172,40.866,18.293,40.095,8.1987,21.474,29.127,30.265,29.69,20.592,17.556,62.777,50.463,34.058,33.708,35.705,32.452,40.738,29.204,47.093
26.782,32.177,51.943,34.105,74.798,32.975,30.546,73.87,43.128,64.575,7.2902,36.647,0,54.011,50.956,68.134,52.848,51.996,63.43,31.756,40.691,60.243,61.537,9.3402,34.056,1.4814,22.681,29.529,45.499,24.621,32.159,49.509,16.808,14.758,36.464,13.914,23.89,61.243,23.49,57.092,41.107,40.917,55.897,64.417,73.973,6.4835,58.803,22.371,10.181,25.94,5.1578,22.719,69.626,19.373,72.739,48.427,68.177,26.47,33.545,25.58,38.004,27.78,25.381,8.2911,43.666,73.417,62.971,21.28,56.207,23.549,25.497,40.12,29.363,38.763,66.277,12.223,37.966,27.85,34.747,52.359,16.564,47.982,30.66,43.124,21.389,36.381,18.933,25.338,22.205,39.317,11.719,22.67,57.598,41.412,4.1451,25.61,33.706,64.201,38.434,65.992,41.374,24.359,18.786,48.769,36.022,28.446,17.546,56.94,43.934,5.9089,54.175,36.564,40.528,57.687,27.636,8.1875,28.082,42.376,38.441,70.106,3.9281,24.313,44.153,13.315,67.039,45.077,67.722,45.734,30.927,19.555,17.962,45.433,5.0321,51.151,32.564,25.891,38.21,52.772,63.921,20.986,20.368,21.87,50.455,71.742,60.352,68.399,68.137,10.773,64.182,74.532,56.431,65.805
31.485,42.736,43.697,41.848,55.011,25.066,54.16,20.033,10.883,11.359,53.774,48.872,54.011,0,21.467,32.609,2.0242,10.545,37.581,28.999,16.63,17.968,19.705,46.121,52.402,55.439,63.42,40.003,35.402,71.431,31.745,34.53,45.342,39.253,31.064,42.139,30.26,13.78,49.99,20.206,40.817,39.801,9.5154,10.413,20.224,51.698,19.554,59.741,53.797,43.453,48.878,64.429,37.937,34.81,23.504,42.402,51.162,27.553,35.064,38.621,27.412,33.143,30.135,55.676,13.227,26.201,23.971,53.34,8.1649,39.38,44.532,40.804,25.285,15.84,40.358,55.056,18.571,49.058,22.914,29.258,62.202,21.692,29.755,34.579,61.796,18.795,68.383,35.37,52.707,44.764,42.683,32.354,45.435,20.997,53.721,36.036,38.512,13.896,30.306,12.887,38.377,69.975,35.592,51.602,18.179,37.695,37.111,26.638,29.495,48.19,10.653,21.229,16.294,3.7384,39.981,55.83,47.809,33.867,17.682,44.992,50.955,33.471,10.036,58.884,29.926,25.533,25.493,34.701,52.89,38.85,62.056,18.15,57.434,9.0937,31.468,29.956,41.147,39.346,50.331,33.22,33.938,37.439,42.03,17.751,8.2132,51.166,51.293,43.678,42.834,53.007,32.795,21.674
24.178,27.596,22.552,25.969,34.936,34.421,39.361,32.003,20.494,30.41,47.836,31.831,50.956,21.467,0,17.837,19.532,10.952,17.815,19.285,29.643,11.147,11.734,41.684,62.345,52.425,52.274,49.407,15.392,61.395,19.776,13.446,49.154,37.868,43.577,43.5,31.893,15.319,37.826,6.6231,22.234,21.311,13.596,27.146,31.683,46.382,8.7289,48.224,54.765,51.268,46.079,53.443,21.057,35.403,24.399,21.785,30.304,28.264,46.264,46.154,13.523,41.13,34.659,55.645,13.361,23.772,12.093,58.586,29.571,29.384,52.132,22.578,23.909,18.493,20.945,47.131,29.616,57.237,32.935,7.7958,53.273,2.9824,38.856,15.489,50.893,27.728,60.085,42.308,40.942,26.774,39.477,28.922,23.968,35.591,52.329,26.33,23.275,19.349,43.737,24.194,19.769,59.609,36.545,31.421,21.061,46.575,38.235,7.196,10.641,45.246,11.505,32.218,28.962,22.352,27.501,55.729,56.199,15.163,28.694,25.746,49.17,26.654,22.072,50.764,16.284,7.0653,17.027,14.624,61.68,31.763,52.53,6.8308,52.694,12.399,19.358,34.975,23.634,17.972,29.015,31.536,31.819,29.561,21.028,31.511,19.838,30.345,30.414,42.995,22.263,33.255,11.722,15.972
41.463,40.984,26.755,38.981,24.725,51.418,51.718,32.017,36.226,36.839,64.368,42.81,68.134,32.609,17.837,0,31.258,23.747,10.486,36.419,45.44,14.644,12.942,58.798,79.711,69.582,66.363,66.731,25.686,75.746,36.126,21.507,66.988,55.548,60.079,61.309,49.72,19.604,52.188,13.615,32.935,32.363,23.132,32.732,31.398,63.138,13.369,62.298,72.476,68.849,63.407,67.572,5.8517,53.229,18.981,28.386,23.38,46.09,63.167,63.714,30.132,58.55,52.362,73.244,29.996,15.666,8.639,76.406,40.283,45.488,69.747,33.697,41.746,35.648,11.221,63.005,45.982,74.825,49.728,16.276,68.477,20.63,56.038,27.349,65.189,44.485,75.342,59.889,55.312,37.372,56.888,46.586,24.049,51.164,69.782,42.8,37.248,22.001,59.964,27.376,31.04,73.84,54.374,37.194,38.443,63.947,56.061,11.204,24.67,62.565,22.531,48.743,44.819,31.424,42.649,73.319,73.752,27.67,45.008,14.444,66.611,43.889,37.339,66.416,2.7805,23.057,8.9779,25.079,79.221,48.647,67.479,24.485,69.431,25.559,35.71,52.639,35.417,22.069,25.108,49.294,49.539,46.359,26.405,33.148,26.516,23.25,23.57,60.668,15.867,22.331,13.609,12.467
29.825,40.81,41.7,39.895,53.316,24.755,52.278,21.033,9.8251,13.145,52.396,46.9,52.848,2.0242,19.532,31.258,0,8.6619,35.873,27.185,16.583,16.668,18.441,44.801,52.489,54.288,61.747,39.932,33.38,69.846,29.871,32.536,44.717,38.1,31.289,41.253,29.228,12.939,48.218,18.567,38.801,37.786,8.1376,11.774,21.162,50.353,18.056,58.037,52.97,43.23,47.702,62.768,36.479,33.765,23.3,40.385,49.362,26.381,35.163,38.318,25.442,32.821,29.38,54.773,11.348,25.754,22.625,52.919,10.042,37.659,44.296,38.793,23.887,14.369,38.695,53.551,18.29,48.921,22.634,27.327,60.661,19.691,29.51,32.556,60.133,18.221,66.903,34.96,50.966,42.763,41.424,30.953,43.494,21.36,52.691,34.301,36.568,13.631,30.652,13.452,36.359,68.366,34.589,49.578,16.872,37.537,36.145,24.873,27.47,46.998,8.9825,21.034,16.172,4.9498,38.147,54.921,47.687,31.845,17.358,43.362,49.875,31.865,9.3213,57.383,28.615,23.51,24.47,32.68,52.847,37.289,60.477,16.126,56.162,7.1356,29.587,29.249,39.15,37.374,48.452,31.962,32.658,35.816,40.026,18.924,8.2432,49.372,49.49,42.629,41.059,51.346,30.939,20.727
26.547,34.879,33.372,33.662,44.809,28.551,46.664,23.862,12.779,19.874,50.357,40.327,51.996,10.545,10.952,23.747,8.6619,0,27.367,22.765,21.814,9.9935,11.758,43.234,56.994,53.473,57.712,44.077,25.486,66.336,24.755,24.207,46.582,37.631,36.629,42.02,29.734,9.2598,43.596,10.37,31.521,30.525,4.139,17.051,23.726,48.533,10.402,53.811,53.778,46.753,46.868,58.808,28.573,33.997,20.832,32.306,40.725,26.333,40,41.644,19.313,36.23,31.168,55.192,8.4194,22.052,15.355,55.495,18.692,33.646,47.743,31.648,22.732,14.002,30.267,50.721,22.637,52.666,26.664,18.728,57.514,11.519,33.328,24.979,56.179,21.537,64.076,37.963,46.548,35.765,40.286,29.35,34.912,27.445,52.52,30.28,30.497,12.372,36.376,15.56,29.03,64.708,35.004,41.735,17.025,41.423,36.68,16.3,19.831,46.091,2.1803,25.458,21.222,11.537,33.174,55.314,51.506,24.388,21.648,34.992,49.498,28.897,13.668,54.526,21.292,15.78,18.414,24.751,56.882,34.432,57.085,9.0627,54.666,1.8184,24.401,31.251,32.282,28.9,39.794,31.15,31.689,32.587,31.767,22.653,10.19,40.739,40.851,42.57,32.449,42.899,22.277,15.247
37.684,33.709,16.938,31.609,17.446,51.956,43.455,41.174,38.285,44.071,58.807,34.243,63.43,37.581,17.815,10.486,35.873,27.367,0,32.677,47.457,20.888,19.679,54.162,79.382,64.819,58.715,66.567,18.387,68.123,31.441,14.125,64.81,52.261,61.275,58.574,47.966,26.548,45.046,17.42,24.864,24.509,28.293,40.143,40.614,57.883,18.483,54.715,69.028,68.03,59.062,59.927,7.3854,50.814,28.863,19.141,14.09,44.424,63.782,63,26.284,58.238,51.309,69.4,31.171,25.874,15.669,74.375,45.694,40.009,68.816,25.753,39.994,36.11,3.1899,56.775,47.395,73.942,50.58,11.896,61.568,19.624,56.229,20.561,57.692,45.421,68.372,59.152,48.083,28.923,52.846,43.481,13.629,53.403,65.601,37.835,30.575,29.816,61.5,35.388,23.433,66.166,51.986,27.224,38.471,63.699,53.6,11.1,19.711,58.219,26.929,49.953,46.777,37.345,36.466,69.447,72.981,21.187,46.483,7.9498,62.449,39.916,39.805,59.918,12.295,19.867,18.46,17.985,78.45,43.949,60.393,24.386,64.04,29.111,31.057,51.724,27.65,12.792,14.914,46.482,46.552,41.632,16.962,41.891,33.184,14.032,14.253,57.255,5.805,15.559,7.234,21.092
5.0722,14.575,25.76,14.352,46.659,24.552,25.326,46.525,20.103,40.328,28.608,21.555,31.756,28.999,19.285,36.419,27.185,22.765,32.677,0,25.128,29.294,30.377,22.442,48.442,33.214,34.977,36.33,16.805,43.577,3.4412,19.807,32.386,19.586,34.105,25.956,16.509,31.448,21.078,25.632,16.959,16.11,26.904,38.611,46.431,27.104,27.498,31.122,36.415,36.797,26.989,36.061,38.279,18.469,42.389,22.667,40.467,13.497,35.128,32.109,6.4286,28.288,20.675,36.958,15.877,42.482,31.368,41.945,34.823,10.883,37.423,16.367,9.7594,14.356,35.733,28.277,23.334,42.469,24.216,21.032,34.858,16.303,27.445,14.439,33.429,20.611,41.521,28.433,23.919,19.064,20.491,10.867,30.552,30.16,33.384,7.5312,11.061,35.007,35.097,38.22,15.415,41.943,19.631,28.657,13.889,33.485,21.162,25.215,13.032,26.147,24.786,24.666,24.488,31.975,11,37.021,41.662,13.438,22.879,40.033,30.211,7.4708,22.031,32.024,35.283,13.394,36.238,16.672,47.004,12.487,34.359,14.521,33.413,22.59,3.4218,21.288,15.582,24.351,37.114,13.965,13.946,10.327,23.867,45.07,32.637,40.629,40.487,24.607,34.621,45.8,25.464,34.701
24.774,39.533,47.908,39.47,64.456,8.7316,49.172,35.978,9.2658,24.969,42.138,46.641,40.691,16.63,29.643,45.44,16.583,21.814,47.457,25.128,0,31.694,33.49,34.297,35.913,42.007,54.619,23.382,38.531,61.361,28.561,39.538,29.523,26.447,14.903,27.502,17.299,29.149,43.2,31.852,41.342,40.383,23.671,25.962,36.282,39.855,32.183,51.491,38.63,26.855,35.807,55.442,49.926,21.524,39.881,45.534,59.399,16.152,18.605,22.114,27.434,16.7,15.369,40.829,16.307,42.228,37.162,36.96,15.873,32.573,27.943,40.935,16.64,12.277,50.577,44.599,2.7343,32.429,6.5725,36.55,51.889,28.13,13.219,36.774,52.924,4.9961,57.295,19.079,45.292,44.063,30.515,22.422,51.35,5.9615,39.578,29.786,36.188,30.212,14.563,29.461,39.329,60.213,21.953,53.116,11.391,21.071,23.147,36.584,32.694,35.262,23.393,4.7354,0.707,20.178,35.019,41.005,31.179,35.807,2.5181,55.38,37.181,25.735,8.149,48.256,43.064,29.793,40.027,38.04,36.283,29.969,52.167,23.303,44.818,20.051,28.492,14.946,40.472,44.753,57.335,21.788,22.631,29.452,46.007,33.363,24.741,59.476,59.485,29.932,51.708,62.862,41.083,36.55
33.819,38.735,31.641,37.116,37.933,38.539,50.508,21.754,22.763,23.184,57.819,42.881,60.243,17.968,11.147,14.644,16.668,9.9935,20.888,29.294,31.694,0,1.8056,51.169,66.985,61.724,63.234,54.06,25.975,72.265,30.368,23.171,56.136,46.333,46.562,51.222,39.035,5.689,48.807,4.9486,33.13,32.247,8.5308,19.266,21.333,56.19,2.857,59.204,62.879,56.676,55.201,64.391,20.083,43.102,13.315,31.644,34.952,35.508,49.984,51.553,24.199,46.168,40.844,64.102,17.802,13.217,6.0149,65.205,25.681,39.89,57.653,33.547,31.558,23.604,23.279,57.539,32.616,62.605,36.658,16.555,63.927,13.747,43.308,26.418,61.818,31.523,70.682,47.839,51.902,37.727,48.556,37.653,31.517,37.188,61.154,36.683,34.398,9.3274,46.245,14.818,30.708,70.512,44.166,41.377,26.609,51.393,45.864,11.343,21.745,54.392,8.305,35.441,31.124,16.902,38.399,64.21,61.455,26.186,31.627,27.657,58.056,36.287,23.552,61.25,11.961,18.192,8.4247,25.205,66.846,41.672,63.274,14.882,62.455,11.678,29.962,40.978,34.7,26.659,35.097,39.832,40.274,39.594,30.44,21.815,12.343,34.905,35.109,51.392,26.569,35.759,18.115,5.5951
34.998,39.285,31.241,37.606,36.538,40.285,50.997,22.252,24.536,24.489,58.96,43.173,61.537,19.705,11.734,12.942,18.441,11.758,19.679,30.377,33.49,1.8056,0,52.414,68.735,63.017,63.994,55.802,26.059,73.086,31.288,23.022,57.725,47.74,48.352,52.73,40.58,6.9352,49.55,5.1646,33.326,32.472,10.309,20.5,21.785,57.372,3.0051,59.949,64.354,58.381,56.519,65.16,18.469,44.599,12.722,31.443,33.768,37.033,51.757,53.254,25.07,47.882,42.476,65.532,19.43,12.135,4.3728,66.834,27.344,40.856,59.353,33.79,33.026,25.245,21.94,58.555,34.392,64.318,38.417,16.363,64.854,14.504,45.047,26.666,62.603,33.269,71.635,49.527,52.661,37.947,49.873,39.002,30.805,38.992,62.528,37.694,34.988,10.188,48.043,15.756,30.943,71.312,45.673,41.152,28.239,53.125,47.374,10.777,22.165,55.705,10.106,37.215,32.918,18.511,39.193,65.637,63.173,26.502,33.403,26.221,59.416,37.474,25.346,62.241,10.228,18.793,6.7037,25.296,68.572,42.811,64.16,16.108,63.652,13.461,30.876,42.624,35.026,26.222,34.112,41.248,41.67,40.699,30.128,22.539,13.779,33.711,33.931,52.817,25.421,34.325,17.455,4.3256
17.51,23.834,43.223,25.619,65.958,27.639,24.732,65.703,35.304,57.036,7.8499,29.169,9.3402,46.121,41.684,58.798,44.801,43.234,54.162,22.442,34.297,51.169,52.414,0,36.605,10.784,22.075,28.78,36.373,27.35,22.831,40.312,17.839,8.0882,33.308,11.793,16.997,52.434,17.114,47.885,32.413,32.133,47.219,56.519,65.759,5.6216,49.64,20.111,16.284,26.351,5.0988,22.602,60.302,12.991,63.843,39.708,59.375,18.786,31.379,24.17,28.667,24.472,19.786,15.78,35.026,64.373,53.727,25.541,49.16,14.509,26.298,31.441,20.953,30.487,57.039,10.889,31.578,30.03,29.057,43.028,17.945,38.705,26.558,33.971,20.44,29.589,22.999,22.536,16.958,31.105,3.8227,13.963,48.819,36.133,11.626,16.328,24.831,55.542,35.153,57.666,32.468,26.418,12.906,40.987,27.947,26.894,12.381,47.606,34.616,4.3116,45.402,30.713,34.012,49.716,18.846,15.778,29.855,33.19,31.876,60.94,8.6163,15.031,36.549,14.21,57.721,35.741,58.519,36.573,33.942,10.231,18.559,36.309,11.447,42.507,23.234,20.456,29.594,43.75,55.24,12.965,12.207,12.55,41.654,63.718,51.986,59.588,59.345,7.7024,55.072,65.59,47.131,56.704
44.334,57.676,74.088,58.902,94.816,28.451,61.212,70.662,44.27,58.76,40.689,64.236,34.056,52.402,62.345,79.711,52.489,56.994,79.382,48.442,35.913,66.985,68.735,36.605,0,34.232,56.628,12.982,65.243,58.175,51.056,67.986,18.776,31.834,21.455,25.358,31.965,64.974,53.56,66.225,64.299,63.655,59.387,60.787,71.078,38.886,66.997,55.79,24.339,11.659,33.021,56.738,83.402,30.482,75.789,70.842,88.802,35.267,17.338,16.442,54.125,21.216,28.156,27.062,49.748,78.113,71.99,13.319,49.395,47.501,11.141,63.479,39.609,44.064,82.568,45.574,34.501,6.585,30.341,67.54,50.618,59.994,23.718,62.879,55.24,35.468,52.095,20.262,53.561,64.653,34.429,38.185,78.994,31.615,30.072,47.143,56.794,66.119,22.57,65.011,63.337,58.174,29.42,74.965,41.318,15.776,28.252,69.533,60.864,33.348,58.819,31.671,36.358,55.773,52.018,27.261,6.9823,61.88,35.485,87.215,30.763,42.997,43.75,47.315,77.621,59.645,75.408,65.084,3.4154,42.342,52.003,55.515,38.83,55.356,51.288,27.692,62.053,72.745,85.554,35.041,35.373,43.91,72.226,67.829,60.589,88.951,88.832,29.073,82.382,93.741,72.285,72.135
28.248,33.377,53.191,35.326,76.064,34.21,31.351,75.313,44.557,65.972,7.9501,37.688,1.4814,55.439,52.425,69.582,54.288,53.473,64.819,33.214,42.007,61.724,63.017,10.784,34.232,0,22.772,30.246,46.847,24.135,33.582,50.875,17.45,16.19,37.449,15.032,25.285,62.721,24.432,58.567,42.358,42.187,57.371,65.842,75.419,7.5178,60.282,22.726,10.057,26.525,6.6208,22.731,71.043,20.756,74.219,49.678,69.435,27.907,34.422,26.42,39.45,28.83,26.671,7.8339,45.14,74.898,64.443,21.269,57.566,24.896,26.029,41.37,30.832,40.221,67.654,12.739,39.287,28.138,36.011,53.783,16.459,49.449,31.78,44.48,21.557,37.739,18.294,26.35,23.001,40.479,13.2,24.15,58.855,42.619,4.1676,27.014,35.003,65.674,39.426,67.447,42.67,23.989,20.141,49.838,37.472,29.279,18.861,58.39,45.35,7.3833,55.652,37.839,41.855,59.12,28.927,7.6986,28.435,43.741,39.776,71.458,4.9592,25.778,45.566,13.412,68.497,46.525,69.198,47.091,31.045,20.98,17.952,46.912,4.5979,52.624,33.989,27.166,39.449,54.089,65.154,22.448,21.837,23.292,51.722,73.175,61.809,69.659,69.393,12.075,65.52,75.823,57.835,67.286
31.935,25.384,43.249,27.385,65.167,49.053,15.763,81.503,53.329,74.762,16.006,25.004,22.681,63.42,52.274,66.363,61.747,57.712,58.715,34.977,54.619,63.234,63.994,22.075,56.628,22.772,0,50.532,40.743,9.4123,33.087,45.016,38.566,29.899,55.352,33.534,37.816,66.134,14.449,58.894,33.851,34.246,61.846,73.395,81.406,18.028,60.994,4.0772,32.805,47.61,24,1.2131,65.91,34.516,76.546,40.16,58.651,38.468,53.435,46.05,39.083,46.537,41.335,30.556,50.661,76.033,63.879,43.96,68.075,24.161,47.361,32.974,38.882,47.741,60.879,11.379,52.014,50.285,50.197,50.244,6.7306,49.507,48.487,39.018,1.6976,49.66,11.124,44.604,11.334,29.964,25.672,32.281,48.705,57.366,26.794,27.544,29.317,69.836,57.172,73.197,35.44,7.479,34.669,36.049,45.944,48.835,34.368,56.088,42.332,23.891,59.689,51.675,54.21,66.648,24.843,30.404,50.391,38.746,52.108,63.531,25.873,30.028,54.964,9.3722,66.182,45.254,68.932,41.312,53.561,24.921,4.9687,49.112,18.339,57.567,33.47,42.057,31.115,46.137,53.924,32.933,32.083,26.04,42.448,80.016,67.61,58.917,58.549,29.409,57.377,65.65,52.932,68.245
32.64,46.938,62.09,47.921,82.266,15.528,52.168,58.905,31.402,47.281,34.744,53.851,29.529,40.003,49.407,66.731,39.932,44.077,66.567,36.33,23.382,54.06,55.802,28.78,12.982,30.246,50.532,0,53.03,54.052,39.183,55.543,12.829,22.165,10.203,17.033,19.878,52.212,44.635,53.244,52.739,52.02,46.582,48.916,59.271,32.567,54.029,48.87,22.217,4.5912,26.666,50.898,70.459,19.437,63.199,58.959,76.375,22.893,5.7872,4.7477,41.704,8.3312,15.687,25.102,36.767,65.391,59.018,15.423,37.852,37,5.6325,51.982,27.096,31.085,69.756,39.153,21.738,9.1388,17.486,54.769,45.377,47.1,10.756,50.724,48.966,22.539,48.461,7.9386,45.255,53.593,25.718,26.711,66.791,19.817,26.343,36.066,45.491,53.539,11.924,52.784,51.556,53.617,18.564,63.853,28.359,2.8826,17.856,56.6,48.369,26.681,45.935,18.933,23.762,43.5,41.293,25.319,7.8599,49.712,22.709,74.435,25.657,31.653,30.99,41.731,64.64,46.93,62.485,52.815,12.919,32.071,46.435,42.576,34.557,42.462,39.373,15.128,50.714,60.423,73.306,23.721,24.219,33.259,60.197,56.157,48.119,76.514,76.415,21.169,69.732,81.109,59.519,59.259
21.25,15.447,9.4211,13.385,30.077,40.233,26.08,47.354,30.756,45.351,40.543,17.451,45.499,35.402,15.392,25.686,33.38,25.486,18.387,16.805,38.531,25.975,26.059,36.373,65.243,46.847,40.743,53.03,0,50.147,14.492,4.3061,48.918,35.611,49.925,42.279,33.291,30.655,26.773,21.042,7.4422,6.7406,28.748,42.324,47.013,39.734,23.214,36.693,51.876,53.601,41.392,41.955,25.315,35.159,38.633,7.1496,23.741,30.136,51.442,48.885,11.547,44.875,37.343,51.946,23.761,37.153,24.575,58.421,43.088,21.951,54.227,8.0926,26.026,26.268,20.985,38.392,37.474,59.266,39.455,10.079,43.256,13.986,43.691,2.4542,39.622,34.945,50.087,45.174,29.854,12.058,35.506,27.426,13.765,44.262,47.96,20.193,12.195,34.684,50.659,39.586,5.3579,48.222,36.306,16.252,27.479,50.166,37.768,16.199,6.0526,40.56,26.536,39.449,37.828,36.995,18.151,51.973,58.466,3.3928,36.766,24.614,44.859,23.111,32.711,41.536,25.753,9.8734,29.475,0.77203,63.798,26.319,42.134,17.333,45.809,26.506,14.189,37.917,9.7358,7.6211,20.312,30.59,30.456,24.048,7.5013,46.903,35.09,23.916,23.751,40.347,18.699,29.431,12.189,29.815
40.092,34.762,52.553,36.778,74.227,54.989,24.995,89.994,61.036,82.705,19.83,34.296,24.621,71.431,61.395,75.746,69.846,66.336,68.123,43.577,61.361,72.265,73.086,27.35,58.175,24.135,9.4123,54.052,50.147,0,41.957,54.424,41.419,35.437,60.191,37.608,44.15,74.952,23.673,68.018,43.261,43.658,70.474,81.583,89.931,22.167,70.095,13.454,33.836,50.559,27.639,8.1992,75.323,40.331,85.558,49.51,67.767,45.37,57.712,49.907,48.068,51.329,47.136,31.145,58.979,85.167,73.108,44.967,75.558,32.695,50.115,42.385,46.41,55.617,70.271,16.764,58.677,52.226,56.374,59.596,9.4727,58.583,53.729,48.397,10.573,56.508,6.2383,49.117,20.533,39.337,31.168,39.504,57.954,63.475,28.28,36.055,38.624,78.574,62.104,81.711,44.849,1.9987,40.249,44.981,53.575,52.768,39.609,65.401,51.606,27.811,68.363,57.993,61.019,74.784,33.896,30.952,52.559,48.106,58.887,72.87,28.418,37.982,62.553,13.154,75.529,54.416,78.16,50.71,54.901,32.586,9.3768,57.928,19.609,66.077,42.354,47.804,40.527,55.527,63.019,39.599,38.763,34.048,51.799,88.384,76.073,68.035,67.658,33.695,66.724,74.795,62.336,77.362
6.7842,11.29,23.034,10.943,44.561,27.876,22.416,48.615,23.285,43.004,28.282,18.166,32.159,31.745,19.776,36.126,29.871,24.755,31.441,3.4412,28.561,30.368,31.288,22.831,51.056,33.582,33.087,39.183,14.492,41.957,0,17.946,34.429,21.164,37.371,27.793,19.305,33.048,18.848,26.335,13.723,12.923,28.866,41.079,48.48,27.011,28.33,29.128,37.673,39.397,27.649,34.212,37.471,20.744,43.627,19.805,38.227,16.536,38.241,34.846,6.2535,31.271,23.623,37.964,18.525,43.419,31.813,43.929,37.876,9.6079,39.967,13.074,13.057,17.593,34.395,27.357,26.775,44.953,27.602,20.201,33.568,16.85,30.61,12.048,31.604,24.051,40.349,31.252,21.834,15.636,21.412,12.983,28.068,33.598,34.171,6.6793,7.6281,36.761,38.411,40.31,12.375,40.244,21.877,25.33,17.288,36.365,23.304,25.003,11.794,26.805,26.668,28.087,27.918,34.559,8.4253,38.008,44.202,11.105,26.319,38.5,31.014,8.6509,25.242,30.99,35.24,13.192,36.794,14.487,49.473,12.604,32.908,16.026,33.307,24.789,0.42137,24.27,12.19,22.113,34.655,16.156,15.984,10.29,21.181,47.309,34.825,38.404,38.234,25.998,32.862,43.85,24.338,35.601
24.556,19.749,9.1711,17.681,26.877,42.097,30.211,44.846,31.207,43.851,44.713,21.374,49.509,34.53,13.446,21.507,32.536,24.207,14.125,19.807,39.538,23.171,23.022,40.312,67.986,50.875,45.016,55.543,4.3061,54.424,17.946,0,52.176,39.094,51.759,45.656,36.049,28.224,31.079,18.234,11.434,10.86,27.041,40.576,44.458,43.842,20.335,40.973,55.585,56.396,45.287,46.229,21.009,38.276,35.349,8.4887,20.833,32.728,53.582,51.56,13.862,47.288,39.896,55.768,23.949,33.607,21.064,61.724,42.472,25.996,57.075,12.191,28.448,27.302,16.809,42.653,38.758,62.158,41.127,6.662,47.562,12.851,45.838,6.445,43.909,36.359,54.393,47.785,34.157,15.933,39.257,30.637,11.815,45.404,51.851,24.025,16.455,32.215,52.35,37.358,9.5815,52.494,39.439,18.222,28.915,52.664,40.962,12.633,7.2005,44.45,24.938,40.934,38.831,35.717,22.348,55.802,61.305,7.1342,37.979,20.638,48.726,26.589,33.083,45.824,21.725,9.794,25.825,3.8598,66.696,30.167,46.439,17.032,49.962,25.458,17.6,40.422,13.941,5.2151,17.997,33.763,33.705,27.868,7.5839,44.624,33.252,20.975,20.872,43.943,14.916,25.995,7.9338,26.517
27.674,39.568,57.204,40.974,78.965,20.822,42.448,65.243,35.077,54.491,22.574,45.843,16.808,45.342,49.154,66.988,44.717,46.582,64.81,32.386,29.523,56.136,57.725,17.839,18.776,17.45,38.566,12.829,48.918,41.419,34.429,52.176,0,13.695,21.031,6.8934,17.286,55.566,34.797,54.207,46.902,46.368,49.87,55.289,65.491,20.563,55.449,37.357,9.8637,9.1515,14.591,38.814,69.81,13.997,67.082,53.813,72.657,20.912,17.443,9.4571,38.62,13.427,15.48,12.605,38.349,68.623,60.22,9.5696,45.328,29.385,8.8044,46.018,25.245,32.595,67.929,27.276,27.082,12.195,22.958,52.957,33.014,46.429,16.93,46.478,37.081,26.547,35.717,10.794,34.797,46.723,15.743,21.54,62.437,28.248,13.514,29.547,39.218,57.708,23.011,58.148,46.263,41.087,12.825,56.987,29.572,12.196,11.233,56.084,45.372,14.8,48.678,24.828,29.618,49.062,33.985,12.816,12.037,45.528,27.859,72.341,13.018,25.878,35.401,29.472,65.292,45.005,64.37,48.886,16.237,24.184,34.205,42.575,21.838,45.265,34.729,15.512,44.43,56.538,69.022,18.421,18.479,26.003,55.421,62.735,52.877,72.833,72.663,10.317,67.006,78.171,57.578,61.66
14.596,25.935,43.635,27.294,65.685,19.556,30.014,59.129,28.37,49.864,15.798,32.403,14.758,39.253,37.868,55.548,38.1,37.631,52.261,19.586,26.447,46.333,47.74,8.0882,31.834,16.19,29.899,22.165,35.611,35.437,21.164,39.094,13.695,0,25.501,6.8187,9.2536,46.89,22.471,43.605,33.234,32.723,41.428,49.659,59.239,13.478,45.15,27.568,16.931,20.622,9.6355,30.503,57.773,4.9522,58.456,40.212,59.286,11.719,23.96,17.421,26,16.777,11.7,17.82,29.23,59.379,49.598,22.954,41.651,15.739,20.849,32.341,14.901,24.11,55.306,18.914,23.714,25.33,21.011,40.589,26.03,34.968,18.589,33.158,28.231,21.887,30.971,15.129,23.205,33.049,4.2855,8.962,48.954,28.059,14.889,15.888,25.535,49.691,27.292,51.295,32.675,34.5,4.8233,43.33,21.309,19.917,4.5488,44.399,32.582,8.9807,39.81,22.7,26.207,42.931,20.319,17.916,24.859,32.243,24.082,59.552,11.889,12.514,29.41,22.298,54.149,32.801,54.146,35.641,29.66,10.545,26.603,31.797,18.453,36.673,21.499,12.367,30.738,43.223,55.526,6.5067,6.0812,12.308,41.882,56.985,45.676,59.472,59.283,5.1264,54.005,65.012,45.05,51.927
31.61,46.857,59.296,47.416,77.803,9.6922,54.132,49.253,23.893,37.439,40.386,54.056,36.464,31.064,43.577,60.079,31.289,36.629,61.275,34.105,14.903,46.562,48.352,33.308,21.455,37.449,55.352,10.203,49.925,60.191,37.371,51.759,21.031,25.501,0,22.682,19.39,44.017,47.023,46.464,51.06,50.214,38.572,39.345,49.656,38.066,46.935,53.062,30.889,14.632,32.612,55.907,64.327,21.239,54.539,56.474,72.326,21.089,4.4503,11.612,38.38,8.8701,14.95,33.627,30.316,57.031,51.934,25.529,28.029,37.765,15.731,50.443,24.346,25.168,64.445,44.18,14.099,19.143,10.725,49.848,51.023,41.663,7.2253,47.824,53.697,15.857,55.066,11.14,48.279,52.772,29.684,26.662,63.443,10.161,33.961,35.972,44.529,44.885,1.9892,43.575,49.471,59.478,20.853,62.694,22.992,9.1402,20.99,50.703,44.599,32.389,38.271,11.38,15.446,34.362,41.479,33.836,17.851,46.808,15.071,69.224,32.546,31.394,23.015,47.278,57.779,42.418,54.916,49.574,22.359,33.519,51.802,36.89,41.335,34.893,37.457,14.184,49.501,56.88,69.756,24.336,25.071,34.051,57.37,46.444,39.274,72.433,72.391,26.498,65.07,76.395,54.54,51.453
21.1,32.677,50.421,34.081,72.354,19.339,35.943,62.172,31.435,52.087,17.929,39.001,13.914,42.139,43.5,61.309,41.253,42.02,58.574,25.956,27.502,51.222,52.73,11.793,25.358,15.032,33.534,17.033,42.279,37.608,27.793,45.656,6.8934,6.8187,22.682,0,12.294,51.194,28.3,48.9,40.051,39.534,45.575,52.397,62.354,15.675,50.293,31.845,11.789,14.616,9.9704,33.937,63.838,8.145,62.785,47.009,65.992,15.724,20.121,12.519,32.298,13.903,12.203,13.538,33.629,64.028,54.925,16.171,43.305,22.492,14.649,39.159,19.754,28.081,61.658,22.161,24.837,18.791,21.246,46.793,28.618,40.68,16.751,39.829,31.953,23.653,32.387,11.549,28.562,39.83,9.1087,15.1,55.706,27.649,12.126,22.701,32.354,53.667,24.631,54.676,39.466,36.997,7.0572,50.095,25.094,15.324,5.3584,50.26,38.987,9.833,44.171,23.112,27.434,45.875,27.091,13.695,18.441,38.897,25.44,65.989,10.073,19.174,32.105,24.911,59.755,38.9,59.282,42.279,23.012,17.291,29.563,37.125,18.682,40.862,28.11,12.564,37.555,49.899,62.285,12.115,12.024,19.121,48.656,59.831,49.202,66.175,65.994,4.1366,60.539,71.625,51.343,56.802
12.826,27.685,42.247,28.434,62.912,11.366,34.817,50.243,19.416,40.688,24.84,34.822,23.89,30.26,31.893,49.72,29.228,29.734,47.966,16.509,17.299,39.035,40.58,16.997,31.965,25.285,37.816,19.878,33.291,44.15,19.305,36.049,17.286,9.2536,19.39,12.294,0,38.899,27.897,36.941,32.897,32.16,33.283,40.631,50.388,22.564,38.229,34.981,24.076,20.349,18.831,38.559,52.671,4.5525,50.491,39.088,56.846,3.6302,19.354,15.6,22.202,12.104,4.5349,25.653,21.359,51.759,42.96,26.694,32.398,18.376,21.03,32.161,8.0272,15.787,51.124,27.413,14.582,26.127,12.382,36.07,34.68,29.208,12.187,30.944,36.119,12.645,39.996,11.95,29.451,33.992,13.223,7.3015,47.051,19.551,23.467,16.727,25.796,41.398,20.849,42.578,31.679,43.066,5.375,44.166,12.807,17.065,6.9936,38.879,28.973,18.212,31.881,13.89,17.02,33.972,22.191,25.791,25.257,29.939,14.886,55.658,20.706,12.161,20.309,31.013,48.006,28.099,47.185,33.121,30.663,14.272,35.047,25.289,27.707,28.568,19.497,5.274,30.965,40.78,53.601,5.0936,5.9064,14.664,40.363,48.01,37.041,56.998,56.874,13.418,50.594,61.91,40.767,44.599
35.534,42.341,36.945,40.88,43.473,36.75,54.189,16.699,20.902,17.558,59.466,47.043,61.243,13.78,15.319,19.604,12.939,9.2598,26.548,31.448,29.149,5.689,6.9352,52.434,64.974,62.721,66.134,52.212,30.655,74.952,33.048,28.224,55.566,46.89,44.017,51.194,38.899,0,51.828,10.177,37.547,36.616,5.7117,13.595,16.366,57.686,8.3804,62.164,62.968,55.19,56.12,67.26,25.278,43.21,11.596,36.709,40.624,35.545,47.73,50.141,27.148,44.662,40.097,64.423,17.666,13.202,11.253,64.309,20.882,42.294,56.216,37.869,31.991,23.117,28.867,59.642,30.487,61.025,34.731,21.737,66.306,17.391,41.561,30.803,64.65,29.84,72.948,46.565,54.86,42.066,49.529,38.585,37.089,34.23,61.778,38.973,37.946,4.0311,43.483,9.2415,35.074,73.269,44.201,46.435,26.121,49.673,45.869,16.908,25.867,55.34,7.08,33.311,28.657,11.945,41.355,64.547,59.827,30.444,29.509,33.152,58.758,37.933,21.23,63.423,16.833,22.013,11.783,29.883,65.113,43.445,65.79,17.029,63.851,10.336,32.664,40.125,38.848,32.021,40.779,40.409,40.948,41.518,35.649,16.417,6.9132,40.575,40.783,51.819,32.249,41.255,23.688,7.9142
